     1.000      0.000      1.000      0.000      0.000      1.000      0.000      1.000      0.000      1.000      0.000      1.000      3.000     -1.000      1.000 100001.000      1.089      0.393
     1.000      0.000      0.000      0.000      0.000      0.000      0.000      1.000      0.000      0.000      0.000      0.000      1.000     -1.000     -1.000 100002.000     -0.471      0.554
     1.000      0.000      0.000      1.000      1.000      1.000      1.000      1.000      1.000      1.000      1.000      1.000      1.000     -1.000     -1.000 100003.000      1.867      0.447
     1.000      0.000      0.000      0.000      0.000      0.000      0.000      0.000      0.000      0.000      1.000      0.000      2.000     -1.000     -1.000 100004.000     -0.135      0.495
     0.000      0.000      0.000      0.000      0.000      0.000      0.000      0.000      0.000      0.000      0.000      0.000     -1.000     -1.000     -1.000 100005.000     -1.631      0.728
     0.000      0.000      0.000      0.000      0.000      0.000      0.000      0.000      0.000      0.000      0.000      0.000      0.000     -1.000      1.000 100006.000     -1.471      0.759
     1.000      1.000      0.000      1.000      1.000      1.000      1.000      1.000      1.000      1.000      1.000      1.000      4.000     -1.000     -1.000 100007.000      2.702      0.649
     0.000      0.000      0.000      0.000      0.000      0.000      0.000      0.000      0.000      0.000      0.000      0.000     -1.000     -1.000     -1.000 100008.000     -1.638      0.713
     1.000      0.000      1.000      1.000      0.000      1.000      1.000      1.000      0.000      1.000      0.000      1.000      1.000     -1.000      1.000 100009.000      1.351      0.403
     0.000      1.000      0.000      1.000      1.000      1.000      0.000      1.000      1.000      1.000      0.000      1.000      0.000     -1.000     -1.000 100010.000      1.401      0.398
     0.000      1.000      1.000      1.000      0.000      0.000      1.000      0.000      1.000      1.000      0.000      0.000      1.000     -1.000     -1.000 100011.000      0.734      0.370
     0.000      0.000      0.000      0.000      0.000      0.000      0.000      0.000      0.000      0.000      0.000      0.000      0.000     -1.000      1.000 100012.000     -1.404      0.793
     1.000      0.000      0.000      0.000      0.000      0.000      1.000      0.000      0.000      0.000      0.000      0.000      0.000     -1.000     -1.000 100013.000     -0.708      0.619
     0.000      0.000      0.000      0.000      0.000      0.000      0.000      0.000      0.000      0.000      0.000      0.000     -2.000     -1.000     -1.000 100014.000     -1.889      0.723
     0.000      0.000      0.000      0.000      0.000      0.000      0.000      0.000      0.000      0.000      0.000      0.000      1.000     -1.000      1.000 100015.000     -1.270      0.759
     0.000      0.000      0.000      1.000      0.000      0.000      0.000      0.000      0.000      0.000      0.000      0.000     -2.000     -1.000      1.000 100016.000     -0.944      0.622
     1.000      0.000      0.000      0.000      0.000      0.000      0.000      0.000      0.000      0.000      0.000      0.000     -1.000     -1.000     -1.000 100017.000     -1.189      0.655
     0.000      0.000      0.000      0.000      0.000      1.000      1.000      0.000      1.000      0.000      0.000      0.000     -1.000     -1.000      1.000 100018.000     -0.105      0.476
     0.000      0.000      0.000      0.000      0.000      0.000      0.000      0.000      0.000      0.000      0.000      0.000      0.000     -1.000     -1.000 100019.000     -1.442      0.691
     0.000      0.000      0.000      0.000      0.000      0.000      0.000      1.000      0.000      0.000      0.000      0.000      1.000     -1.000     -1.000 100020.000     -0.763      0.648
     0.000      0.000      0.000      0.000      0.000      0.000      1.000      0.000      0.000      1.000      0.000      0.000      0.000     -1.000      1.000 100021.000     -0.415      0.558
     0.000      0.000      0.000      0.000      0.000      0.000      0.000      0.000      0.000      0.000      0.000      0.000      0.000     -1.000     -1.000 100022.000     -1.424      0.724
     0.000      0.000      0.000      0.000      0.000      0.000      1.000      0.000      1.000      0.000      0.000      0.000     -1.000     -1.000     -1.000 100023.000     -0.747      0.561
     0.000      0.000      0.000      0.000      0.000      0.000      0.000      0.000      0.000      1.000      1.000      0.000      0.000     -1.000     -1.000 100024.000     -0.150      0.481
     0.000      0.000      0.000      0.000      0.000      0.000      0.000      0.000      0.000      0.000      0.000      1.000      0.000     -1.000     -1.000 100025.000     -0.514      0.540
     0.000      0.000      0.000      0.000      0.000      0.000      0.000      1.000      0.000      0.000      0.000      0.000      0.000     -1.000      1.000 100026.000     -0.854      0.646
     0.000      0.000      0.000      0.000      0.000      0.000      1.000      0.000      1.000      1.000      0.000      0.000      1.000     -1.000     -1.000 100027.000     -0.042      0.463
     1.000      0.000      0.000      1.000      0.000      0.000      1.000      1.000      0.000      1.000      1.000      1.000      3.000     -1.000      1.000 100028.000      1.320      0.388
     1.000      1.000      0.000      1.000      0.000      0.000      1.000      1.000      0.000      1.000      1.000      0.000      1.000     -1.000     -1.000 100029.000      0.943      0.368
     1.000      0.000      0.000      0.000      0.000      0.000      1.000      0.000      0.000      0.000      0.000      0.000      0.000     -1.000     -1.000 100030.000     -0.724      0.579
     0.000      0.000      0.000      0.000      0.000      0.000      0.000      0.000      0.000      0.000      0.000      0.000      0.000     -1.000      1.000 100031.000     -1.387      0.731
     1.000      0.000      0.000      1.000      1.000      1.000      0.000      1.000      1.000      1.000      0.000      0.000      2.000     -1.000     -1.000 100032.000      1.159      0.372
     1.000      0.000      0.000      0.000      0.000      0.000      1.000      0.000      0.000      0.000      0.000      0.000      0.000     -1.000      1.000 100033.000     -0.650      0.593
     0.000      0.000      0.000      0.000      0.000      0.000      0.000      0.000      0.000      0.000      0.000      0.000     -2.000     -1.000     -1.000 100034.000     -1.884      0.725
     0.000      0.000      0.000      0.000      0.000      0.000      0.000      0.000      0.000      0.000      0.000      0.000      0.000     -1.000     -1.000 100035.000     -1.445      0.785
     0.000      0.000      0.000      0.000      0.000      0.000      0.000      0.000      0.000      0.000      0.000      0.000     -1.000     -1.000      1.000 100036.000     -1.607      0.762
     1.000      1.000      0.000      0.000      0.000      0.000      1.000      1.000      0.000      1.000      0.000      0.000      1.000     -1.000     -1.000 100037.000      0.372      0.410
     0.000      0.000      0.000      0.000      0.000      0.000      0.000      0.000      0.000      0.000      0.000      0.000     -2.000     -1.000      1.000 100038.000     -1.861      0.705
     0.000      0.000      0.000      0.000      0.000      0.000      1.000      1.000      0.000      0.000      0.000      0.000     -1.000     -1.000      1.000 100039.000     -0.741      0.629
     0.000      0.000      0.000      0.000      0.000      0.000      0.000      0.000      0.000      1.000      0.000      0.000      0.000     -1.000     -1.000 100040.000     -0.764      0.575
     0.000      0.000      0.000      0.000      1.000      0.000      1.000      1.000      0.000      0.000      0.000      1.000      1.000     -1.000     -1.000 100041.000      0.432      0.395
     0.000      0.000      0.000      0.000      0.000      0.000      0.000      1.000      1.000      0.000      1.000      0.000      2.000     -1.000      1.000 100042.000      0.302      0.454
     0.000      0.000      0.000      0.000      0.000      0.000      0.000      0.000      0.000      0.000      0.000      0.000      0.000     -1.000      1.000 100043.000     -1.426      0.755
     1.000      1.000      0.000      1.000      0.000      1.000      1.000      1.000      1.000      1.000      1.000      1.000      3.000     -1.000      1.000 100044.000      2.169      0.466
     0.000      1.000      1.000      0.000      0.000      0.000      1.000      0.000      0.000      0.000      0.000      0.000      3.000     -1.000      1.000 100045.000      0.133      0.445
     0.000      0.000      0.000      0.000      0.000      0.000      0.000      0.000      0.000      0.000      0.000      0.000      0.000     -1.000      1.000 100046.000     -1.372      0.713
     0.000      0.000      0.000      0.000      0.000      0.000      0.000      0.000      0.000      0.000      0.000      0.000     -1.000     -1.000     -1.000 100047.000     -1.635      0.742
     0.000      0.000      0.000      1.000      0.000      0.000      1.000      0.000      0.000      0.000      0.000      0.000      1.000     -1.000     -1.000 100048.000     -0.271      0.514
     1.000      1.000      0.000      1.000      1.000      0.000      0.000      1.000      1.000      1.000      1.000      1.000      1.000     -1.000     -1.000 100049.000      1.611      0.380
     0.000      0.000      0.000      0.000      0.000      0.000      0.000      0.000      0.000      0.000      0.000      0.000      0.000     -1.000     -1.000 100050.000     -1.452      0.750
     0.000      0.000      0.000      0.000      0.000      0.000      0.000      0.000      0.000      0.000      0.000      0.000     -1.000     -1.000     -1.000 100051.000     -1.627      0.740
     1.000      1.000      0.000      1.000      0.000      0.000      1.000      1.000      0.000      1.000      1.000      1.000      1.000     -1.000      1.000 100052.000      1.395      0.387
     1.000      0.000      1.000      0.000      0.000      1.000      1.000      1.000      1.000      1.000      1.000      1.000      2.000     -1.000      1.000 100053.000      1.663      0.405
     0.000      0.000      1.000      0.000      0.000      1.000      1.000      1.000      1.000      1.000      1.000      0.000      2.000     -1.000      1.000 100054.000      1.182      0.394
     0.000      0.000      1.000      0.000      0.000      0.000      0.000      1.000      1.000      0.000      0.000      0.000     -1.000     -1.000      1.000 100055.000     -0.177      0.504
     0.000      0.000      0.000      0.000      0.000      0.000      0.000      0.000      0.000      0.000      0.000      0.000     -2.000     -1.000      1.000 100056.000     -1.865      0.743
     0.000      0.000      0.000      0.000      0.000      0.000      0.000      0.000      0.000      0.000      0.000      0.000     -1.000     -1.000     -1.000 100057.000     -1.635      0.745
     1.000      0.000      0.000      0.000      0.000      0.000      0.000      0.000      1.000      0.000      0.000      0.000     -1.000     -1.000     -1.000 100058.000     -0.694      0.555
     0.000      1.000      0.000      0.000      0.000      0.000      1.000      1.000      0.000      0.000      1.000      0.000      0.000     -1.000     -1.000 100059.000      0.221      0.422
     0.000      0.000      0.000      0.000      0.000      0.000      0.000      0.000      0.000      0.000      0.000      0.000     -1.000     -1.000     -1.000 100060.000     -1.640      0.737
     1.000      0.000      1.000      1.000      0.000      1.000      1.000      1.000      1.000      1.000      1.000      1.000      2.000     -1.000      1.000 100061.000      2.048      0.487
     0.000      0.000      0.000      0.000      1.000      1.000      1.000      0.000      1.000      1.000      0.000      0.000      0.000     -1.000     -1.000 100062.000      0.551      0.400
     1.000      1.000      0.000      1.000      1.000      0.000      1.000      0.000      1.000      1.000      1.000      1.000      2.000     -1.000     -1.000 100063.000      1.636      0.426
     0.000      0.000      1.000      1.000      0.000      0.000      1.000      0.000      1.000      0.000      0.000      0.000      2.000     -1.000      1.000 100064.000      0.453      0.425
     1.000      0.000      0.000      0.000      1.000      0.000      1.000      0.000      0.000      0.000      1.000      0.000      2.000     -1.000     -1.000 100065.000      0.415      0.408
     0.000      0.000      0.000      0.000      0.000      0.000      1.000      0.000      0.000      0.000      0.000      0.000      1.000     -1.000     -1.000 100066.000     -0.931      0.619
     0.000      0.000      0.000      0.000      0.000      0.000      0.000      0.000      0.000      0.000      0.000      0.000      1.000     -1.000     -1.000 100067.000     -1.356      0.856
     0.000      0.000      0.000      0.000      0.000      0.000      0.000      0.000      0.000      0.000      0.000      0.000      1.000     -1.000     -1.000 100068.000     -1.334      0.763
     0.000      1.000      0.000      0.000      0.000      0.000      1.000      0.000      0.000      0.000      1.000      0.000      1.000     -1.000     -1.000 100069.000      0.054      0.457
     0.000      0.000      0.000      0.000      0.000      0.000      0.000      0.000      0.000      0.000      0.000      0.000     -1.000     -1.000     -1.000 100070.000     -1.634      0.741
     0.000      0.000      0.000      0.000      0.000      0.000      0.000      0.000      0.000      0.000      0.000      0.000      0.000     -1.000      1.000 100071.000     -1.393      0.732
     0.000      0.000      0.000      0.000      0.000      0.000      0.000      0.000      0.000      0.000      0.000      0.000      0.000     -1.000     -1.000 100072.000     -1.452      0.745
     0.000      0.000      0.000      0.000      0.000      0.000      1.000      0.000      0.000      0.000      0.000      0.000      0.000     -1.000     -1.000 100073.000     -1.058      0.661
     1.000      0.000      1.000      0.000      0.000      0.000      1.000      0.000      1.000      0.000      0.000      1.000      1.000     -1.000      1.000 100074.000      0.576      0.403
     0.000      0.000      0.000      1.000      0.000      1.000      0.000      0.000      0.000      0.000      0.000      1.000      1.000     -1.000      1.000 100075.000      0.556      0.399
     1.000      0.000      0.000      0.000      0.000      0.000      0.000      0.000      0.000      0.000      0.000      0.000      1.000     -1.000      1.000 100076.000     -0.830      0.683
     0.000      0.000      0.000      0.000      0.000      0.000      0.000      1.000      1.000      1.000      0.000      1.000      2.000     -1.000     -1.000 100077.000      0.506      0.406
     0.000      1.000      0.000      1.000      1.000      1.000      1.000      1.000      0.000      1.000      1.000      1.000      3.000     -1.000     -1.000 100078.000      1.932      0.460
     0.000      0.000      0.000      0.000      0.000      0.000      0.000      0.000      0.000      0.000      0.000      0.000     -2.000     -1.000     -1.000 100079.000     -1.876      0.742
     0.000      1.000      0.000      0.000      0.000      0.000      0.000      1.000      1.000      1.000      0.000      0.000      0.000     -1.000     -1.000 100080.000      0.227      0.405
     1.000      0.000      0.000      0.000      0.000      0.000      0.000      0.000      0.000      0.000      0.000      0.000      0.000     -1.000     -1.000 100081.000     -1.010      0.678
     0.000      0.000      0.000      0.000      0.000      0.000      1.000      0.000      1.000      0.000      0.000      0.000      0.000     -1.000     -1.000 100082.000     -0.574      0.550
     0.000      0.000      0.000      0.000      0.000      1.000      0.000      0.000      1.000      0.000      0.000      0.000      0.000     -1.000     -1.000 100083.000     -0.206      0.497
     0.000      0.000      0.000      0.000      0.000      0.000      1.000      0.000      0.000      0.000      0.000      0.000     -1.000     -1.000     -1.000 100084.000     -1.274      0.691
     0.000      1.000      0.000      0.000      0.000      0.000      0.000      0.000      0.000      0.000      0.000      0.000      1.000     -1.000     -1.000 100085.000     -0.676      0.614
     1.000      0.000      0.000      1.000      0.000      1.000      1.000      1.000      1.000      1.000      0.000      1.000      3.000     -1.000     -1.000 100086.000      1.349      0.381
     0.000      0.000      0.000      0.000      0.000      0.000      1.000      0.000      0.000      0.000      0.000      0.000      0.000     -1.000     -1.000 100087.000     -1.079      0.700
     0.000      0.000      0.000      1.000      0.000      0.000      0.000      0.000      0.000      0.000      0.000      0.000      1.000     -1.000      1.000 100088.000     -0.420      0.561
     0.000      0.000      0.000      0.000      0.000      0.000      1.000      0.000      0.000      0.000      0.000      0.000      0.000     -1.000     -1.000 100089.000     -1.062      0.645
     0.000      0.000      0.000      0.000      0.000      0.000      0.000      0.000      1.000      0.000      0.000      0.000     -2.000     -1.000      1.000 100090.000     -1.245      0.661
     0.000      0.000      0.000      0.000      0.000      0.000      0.000      0.000      0.000      0.000      0.000      0.000     -1.000     -1.000     -1.000 100091.000     -1.766      0.892
     0.000      0.000      0.000      0.000      0.000      0.000      0.000      0.000      0.000      0.000      0.000      0.000     -1.000     -1.000      1.000 100092.000     -1.611      0.755
     0.000      0.000      0.000      0.000      0.000      0.000      1.000      0.000      0.000      0.000      0.000      0.000     -2.000     -1.000     -1.000 100093.000     -1.494      0.698
     1.000      1.000      0.000      1.000      1.000      0.000      1.000      1.000      0.000      0.000      1.000      0.000      2.000     -1.000     -1.000 100094.000      1.065      0.366
     1.000      0.000      0.000      0.000      0.000      0.000      1.000      0.000      0.000      0.000      0.000      0.000      1.000     -1.000     -1.000 100095.000     -0.579      0.573
     0.000      0.000      0.000      0.000      0.000      0.000      0.000      0.000      0.000      0.000      0.000      0.000     -1.000     -1.000      1.000 100096.000     -1.621      0.774
     0.000      0.000      0.000      0.000      0.000      0.000      0.000      0.000      0.000      0.000      0.000      0.000     -1.000     -1.000     -1.000 100097.000     -1.659      0.760
     0.000      1.000      0.000      0.000      0.000      0.000      0.000      0.000      0.000      0.000      0.000      0.000      1.000     -1.000     -1.000 100098.000     -0.662      0.632
     1.000      0.000      0.000      1.000      0.000      0.000      0.000      0.000      0.000      0.000      0.000      0.000      2.000     -1.000     -1.000 100099.000     -0.142      0.478
     0.000      0.000      0.000      0.000      0.000      0.000      0.000      1.000      1.000      1.000      0.000      0.000      0.000     -1.000     -1.000 100100.000     -0.052      0.483
     0.000      0.000      0.000      0.000      0.000      0.000      0.000      0.000      0.000      0.000      0.000      0.000      1.000     -1.000     -1.000 100101.000     -1.312      0.753
     0.000      0.000      0.000      0.000      0.000      0.000      0.000      0.000      0.000      0.000      0.000      0.000     -1.000     -1.000     -1.000 100102.000     -1.637      0.747
     0.000      0.000      0.000      0.000      0.000      0.000      0.000      0.000      0.000      0.000      0.000      0.000      0.000     -1.000      1.000 100103.000     -1.399      0.768
     1.000      0.000      0.000      0.000      0.000      0.000      0.000      0.000      0.000      0.000      0.000      0.000      0.000     -1.000     -1.000 100104.000     -1.036      0.678
     0.000      0.000      0.000      0.000      0.000      0.000      0.000      0.000      0.000      0.000      0.000      0.000     -1.000     -1.000     -1.000 100105.000     -1.642      0.724
     0.000      0.000      0.000      0.000      0.000      0.000      0.000      0.000      1.000      1.000      0.000      1.000      1.000     -1.000     -1.000 100106.000      0.230      0.448
     1.000      0.000      0.000      1.000      0.000      0.000      1.000      1.000      1.000      0.000      1.000      1.000      2.000     -1.000      1.000 100107.000      1.228      0.381
     0.000      0.000      0.000      0.000      0.000      0.000      0.000      0.000      0.000      0.000      0.000      0.000      0.000     -1.000     -1.000 100108.000     -1.450      0.748
     1.000      0.000      0.000      0.000      0.000      0.000      0.000      0.000      0.000      0.000      0.000      0.000     -1.000     -1.000     -1.000 100109.000     -1.219      0.683
     0.000      0.000      0.000      0.000      0.000      0.000      1.000      0.000      1.000      0.000      0.000      0.000     -1.000     -1.000     -1.000 100110.000     -0.735      0.570
     0.000      0.000      0.000      0.000      0.000      0.000      1.000      1.000      1.000      0.000      0.000      1.000      0.000     -1.000     -1.000 100111.000      0.226      0.431
     0.000      0.000      0.000      0.000      0.000      0.000      0.000      0.000      0.000      0.000      0.000      0.000     -2.000     -1.000      1.000 100112.000     -1.870      0.700
     0.000      0.000      0.000      0.000      0.000      0.000      0.000      0.000      0.000      0.000      0.000      0.000     -1.000     -1.000      1.000 100113.000     -1.638      0.742
     1.000      1.000      0.000      1.000      1.000      1.000      0.000      1.000      0.000      1.000      1.000      1.000      1.000     -1.000     -1.000 100114.000      1.741      0.416
     1.000      1.000      0.000      0.000      1.000      0.000      0.000      0.000      0.000      1.000      0.000      1.000     -1.000     -1.000     -1.000 100115.000      0.512      0.399
     1.000      0.000      1.000      0.000      0.000      0.000      1.000      1.000      1.000      0.000      1.000      0.000      1.000     -1.000      1.000 100116.000      0.725      0.388
     1.000      1.000      0.000      0.000      0.000      0.000      1.000      0.000      0.000      0.000      1.000      0.000      0.000     -1.000     -1.000 100117.000      0.150      0.433
     0.000      0.000      0.000      0.000      0.000      0.000      1.000      0.000      0.000      0.000      0.000      0.000     -1.000     -1.000      1.000 100118.000     -1.213      0.664
     0.000      0.000      0.000      1.000      0.000      1.000      0.000      1.000      0.000      0.000      0.000      0.000      1.000     -1.000     -1.000 100119.000      0.276      0.406
     0.000      0.000      1.000      1.000      0.000      1.000      1.000      1.000      1.000      1.000      0.000      0.000      3.000     -1.000      1.000 100120.000      1.240      0.388
     0.000      0.000      0.000      0.000      0.000      0.000      1.000      0.000      0.000      0.000      0.000      0.000     -1.000     -1.000     -1.000 100121.000     -1.254      0.637
     0.000      0.000      0.000      0.000      0.000      0.000      1.000      0.000      0.000      0.000      0.000      0.000      0.000     -1.000     -1.000 100122.000     -1.065      0.668
     0.000      0.000      0.000      0.000      0.000      0.000      0.000      0.000      0.000      0.000      0.000      0.000     -1.000     -1.000     -1.000 100123.000     -1.669      0.707
     1.000      0.000      0.000      0.000      0.000      0.000      0.000      0.000      0.000      0.000      0.000      0.000      0.000     -1.000     -1.000 100124.000     -1.069      0.664
     0.000      0.000      0.000      0.000      0.000      0.000      0.000      0.000      0.000      0.000      0.000      0.000     -1.000     -1.000      1.000 100125.000     -1.615      0.738
     0.000      1.000      0.000      1.000      0.000      0.000      0.000      1.000      0.000      0.000      0.000      0.000      0.000     -1.000     -1.000 100126.000      0.068      0.431
     0.000      0.000      0.000      1.000      0.000      1.000      0.000      1.000      1.000      0.000      1.000      1.000      2.000     -1.000      1.000 100127.000      1.295      0.394
     0.000      0.000      0.000      0.000      0.000      0.000      0.000      1.000      0.000      0.000      1.000      0.000     -1.000     -1.000     -1.000 100128.000     -0.413      0.540
     0.000      0.000      0.000      0.000      0.000      0.000      0.000      0.000      0.000      0.000      0.000      0.000      1.000     -1.000     -1.000 100129.000     -1.299      0.704
     1.000      0.000      0.000      1.000      1.000      1.000      1.000      0.000      0.000      0.000      1.000      0.000      0.000     -1.000      1.000 100130.000      0.982      0.375
     0.000      0.000      0.000      0.000      0.000      0.000      0.000      1.000      1.000      0.000      0.000      0.000      2.000     -1.000      1.000 100131.000     -0.168      0.513
     0.000      1.000      0.000      1.000      1.000      0.000      1.000      1.000      1.000      1.000      1.000      1.000      2.000     -1.000     -1.000 100132.000      1.704      0.429
     0.000      0.000      0.000      0.000      0.000      0.000      1.000      0.000      0.000      1.000      0.000      0.000      1.000     -1.000      1.000 100133.000     -0.302      0.522
     0.000      1.000      0.000      0.000      0.000      0.000      0.000      0.000      0.000      0.000      0.000      0.000      0.000     -1.000     -1.000 100134.000     -0.792      0.581
     1.000      0.000      1.000      1.000      0.000      0.000      1.000      1.000      0.000      0.000      1.000      0.000      2.000     -1.000      1.000 100135.000      0.892      0.388
     0.000      1.000      0.000      1.000      0.000      1.000      1.000      1.000      0.000      0.000      1.000      0.000      0.000     -1.000     -1.000 100136.000      0.815      0.362
     0.000      0.000      0.000      0.000      0.000      0.000      0.000      1.000      0.000      0.000      0.000      0.000      0.000     -1.000     -1.000 100137.000     -0.909      0.633
     0.000      0.000      1.000      1.000      0.000      1.000      1.000      1.000      1.000      1.000      1.000      1.000      3.000     -1.000      1.000 100138.000      1.958      0.450
     1.000      1.000      0.000      1.000      1.000      1.000      1.000      1.000      0.000      1.000      1.000      0.000      2.000     -1.000     -1.000 100139.000      1.579      0.411
     1.000      0.000      0.000      0.000      0.000      0.000      0.000      0.000      0.000      0.000      0.000      0.000      0.000     -1.000     -1.000 100140.000     -1.020      0.670
     0.000      0.000      0.000      0.000      0.000      0.000      0.000      0.000      0.000      0.000      0.000      0.000      2.000     -1.000      1.000 100141.000     -1.172      0.778
     1.000      0.000      0.000      1.000      0.000      0.000      1.000      0.000      1.000      0.000      1.000      0.000      3.000     -1.000     -1.000 100142.000      0.657      0.377
     0.000      1.000      0.000      1.000      1.000      1.000      0.000      1.000      1.000      1.000      1.000      1.000      3.000     -1.000     -1.000 100143.000      2.033      0.504
     0.000      0.000      0.000      0.000      0.000      0.000      1.000      1.000      0.000      0.000      0.000      0.000      0.000     -1.000     -1.000 100144.000     -0.599      0.549
     0.000      1.000      0.000      0.000      0.000      0.000      1.000      0.000      0.000      0.000      0.000      1.000     -1.000     -1.000     -1.000 100145.000     -0.086      0.496
     0.000      0.000      0.000      0.000      0.000      0.000      1.000      0.000      1.000      0.000      1.000      0.000      0.000     -1.000      1.000 100146.000      0.034      0.498
     0.000      0.000      0.000      0.000      0.000      0.000      1.000      0.000      0.000      0.000      0.000      0.000      2.000     -1.000     -1.000 100147.000     -0.828      0.611
     1.000      0.000      0.000      0.000      0.000      0.000      1.000      0.000      0.000      0.000      1.000      0.000      1.000     -1.000      1.000 100148.000      0.055      0.499
     1.000      0.000      0.000      0.000      0.000      0.000      0.000      0.000      0.000      0.000      0.000      0.000     -1.000     -1.000     -1.000 100149.000     -1.201      0.667
     0.000      0.000      0.000      0.000      0.000      0.000      1.000      0.000      0.000      0.000      0.000      0.000      2.000     -1.000     -1.000 100150.000     -0.848      0.664
     0.000      0.000      0.000      1.000      0.000      0.000      0.000      0.000      0.000      0.000      0.000      0.000      1.000     -1.000     -1.000 100151.000     -0.485      0.579
     0.000      0.000      0.000      0.000      0.000      0.000      0.000      0.000      0.000      0.000      0.000      0.000     -2.000     -1.000     -1.000 100152.000     -1.906      0.714
     0.000      0.000      1.000      0.000      0.000      0.000      0.000      0.000      0.000      0.000      0.000      0.000     -2.000     -1.000      1.000 100153.000     -1.268      0.645
     0.000      0.000      0.000      1.000      0.000      0.000      0.000      0.000      0.000      0.000      0.000      0.000      2.000     -1.000      1.000 100154.000     -0.313      0.552
     1.000      1.000      1.000      1.000      0.000      0.000      0.000      0.000      1.000      0.000      0.000      0.000      0.000     -1.000      1.000 100155.000      0.554      0.400
     1.000      1.000      0.000      1.000      0.000      1.000      0.000      1.000      0.000      0.000      1.000      1.000      3.000     -1.000      1.000 100156.000      1.501      0.396
     0.000      1.000      0.000      1.000      0.000      0.000      1.000      0.000      0.000      0.000      0.000      0.000      2.000     -1.000      1.000 100157.000      0.254      0.454
     1.000      0.000      0.000      0.000      0.000      0.000      0.000      0.000      0.000      0.000      1.000      0.000      2.000     -1.000     -1.000 100158.000     -0.146      0.488
     0.000      0.000      0.000      0.000      0.000      0.000      0.000      1.000      0.000      0.000      0.000      0.000      1.000     -1.000      1.000 100159.000     -0.692      0.623
     1.000      0.000      0.000      0.000      0.000      0.000      0.000      0.000      0.000      0.000      0.000      0.000      0.000     -1.000     -1.000 100160.000     -1.007      0.638
     0.000      1.000      0.000      0.000      0.000      0.000      0.000      0.000      0.000      0.000      0.000      0.000     -1.000     -1.000     -1.000 100161.000     -0.969      0.612
     1.000      0.000      0.000      0.000      0.000      0.000      0.000      0.000      0.000      0.000      0.000      0.000     -1.000     -1.000     -1.000 100162.000     -1.192      0.711
     0.000      0.000      0.000      0.000      0.000      0.000      0.000      0.000      0.000      0.000      0.000      0.000      0.000     -1.000      1.000 100163.000     -1.412      0.753
     1.000      0.000      1.000      0.000      0.000      0.000      1.000      1.000      1.000      1.000      0.000      0.000      2.000     -1.000      1.000 100164.000      0.719      0.396
     1.000      1.000      1.000      1.000      0.000      1.000      1.000      1.000      1.000      1.000      1.000      1.000      3.000     -1.000      1.000 100165.000      2.458      0.505
     1.000      1.000      0.000      1.000      1.000      1.000      1.000      1.000      1.000      0.000      1.000      1.000      4.000     -1.000     -1.000 100166.000      2.166      0.534
     1.000      1.000      1.000      1.000      1.000      1.000      0.000      0.000      0.000      1.000      0.000      0.000      1.000     -1.000     -1.000 100167.000      1.114      0.363
     0.000      0.000      0.000      0.000      0.000      0.000      0.000      0.000      0.000      0.000      0.000      0.000     -2.000     -1.000     -1.000 100168.000     -1.869      0.682
     0.000      0.000      0.000      0.000      0.000      0.000      0.000      0.000      0.000      0.000      0.000      0.000     -1.000     -1.000     -1.000 100169.000     -1.655      0.723
     0.000      0.000      0.000      0.000      0.000      0.000      0.000      0.000      0.000      0.000      0.000      0.000      0.000     -1.000     -1.000 100170.000     -1.427      0.722
     1.000      1.000      0.000      1.000      1.000      1.000      1.000      1.000      1.000      1.000      1.000      1.000      4.000     -1.000     -1.000 100171.000      2.708      0.639
     0.000      0.000      0.000      0.000      0.000      0.000      1.000      0.000      0.000      0.000      0.000      0.000      0.000     -1.000     -1.000 100172.000     -1.069      0.625
     0.000      0.000      0.000      0.000      0.000      0.000      0.000      0.000      0.000      0.000      0.000      0.000     -1.000     -1.000      1.000 100173.000     -1.603      0.743
     0.000      0.000      0.000      0.000      1.000      0.000      0.000      0.000      0.000      0.000      0.000      0.000      2.000     -1.000     -1.000 100174.000     -0.370      0.522
     0.000      0.000      0.000      0.000      0.000      0.000      1.000      0.000      0.000      0.000      0.000      0.000      0.000     -1.000     -1.000 100175.000     -1.049      0.643
     0.000      1.000      0.000      0.000      0.000      0.000      0.000      0.000      0.000      1.000      1.000      0.000      0.000     -1.000      1.000 100176.000      0.222      0.428
     0.000      0.000      0.000      0.000      0.000      0.000      0.000      0.000      0.000      0.000      0.000      0.000      1.000     -1.000     -1.000 100177.000     -1.303      0.713
     0.000      1.000      0.000      0.000      0.000      0.000      0.000      0.000      1.000      0.000      0.000      0.000      2.000     -1.000      1.000 100178.000     -0.104      0.516
     1.000      0.000      0.000      0.000      0.000      0.000      1.000      0.000      0.000      0.000      0.000      0.000      0.000     -1.000     -1.000 100179.000     -0.742      0.611
     1.000      0.000      0.000      0.000      0.000      0.000      0.000      0.000      0.000      0.000      0.000      0.000     -1.000     -1.000     -1.000 100180.000     -1.227      0.667
     0.000      0.000      0.000      0.000      0.000      0.000      0.000      0.000      0.000      0.000      0.000      0.000     -1.000     -1.000      1.000 100181.000     -1.592      0.739
     0.000      0.000      0.000      0.000      0.000      0.000      0.000      0.000      0.000      0.000      0.000      0.000     -1.000     -1.000     -1.000 100182.000     -1.646      0.735
     0.000      1.000      0.000      0.000      0.000      0.000      1.000      0.000      0.000      0.000      0.000      0.000     -2.000     -1.000     -1.000 100183.000     -0.925      0.589
     0.000      0.000      0.000      0.000      0.000      0.000      1.000      0.000      0.000      0.000      0.000      0.000      1.000     -1.000     -1.000 100184.000     -0.961      0.667
     1.000      0.000      1.000      1.000      1.000      1.000      1.000      1.000      1.000      1.000      1.000      1.000      2.000     -1.000      1.000 100185.000      2.412      0.488
     1.000      0.000      1.000      0.000      0.000      0.000      0.000      0.000      0.000      0.000      0.000      0.000     -1.000     -1.000     -1.000 100186.000     -0.720      0.551
     0.000      1.000      0.000      0.000      0.000      0.000      1.000      0.000      0.000      0.000      0.000      0.000      1.000     -1.000     -1.000 100187.000     -0.438      0.566
     0.000      0.000      0.000      0.000      0.000      0.000      0.000      0.000      0.000      0.000      0.000      0.000      1.000     -1.000      1.000 100188.000     -1.269      0.751
     0.000      0.000      0.000      0.000      0.000      0.000      0.000      0.000      0.000      0.000      0.000      0.000      2.000     -1.000     -1.000 100189.000     -1.263      0.791
     0.000      0.000      0.000      0.000      0.000      0.000      1.000      1.000      0.000      0.000      0.000      0.000      2.000     -1.000     -1.000 100190.000     -0.393      0.581
     1.000      0.000      0.000      0.000      0.000      0.000      1.000      0.000      0.000      0.000      0.000      0.000      1.000     -1.000     -1.000 100191.000     -0.599      0.595
     0.000      1.000      0.000      1.000      1.000      1.000      1.000      1.000      0.000      1.000      0.000      1.000      3.000     -1.000     -1.000 100192.000      1.548      0.406
     0.000      0.000      0.000      0.000      0.000      0.000      0.000      0.000      0.000      0.000      0.000      0.000      0.000     -1.000     -1.000 100193.000     -1.439      0.763
     1.000      1.000      0.000      0.000      0.000      1.000      1.000      0.000      1.000      1.000      1.000      1.000      0.000     -1.000     -1.000 100194.000      1.168      0.363
     0.000      0.000      0.000      1.000      0.000      0.000      1.000      0.000      0.000      0.000      0.000      0.000      1.000     -1.000     -1.000 100195.000     -0.255      0.525
     1.000      0.000      0.000      0.000      0.000      0.000      0.000      0.000      0.000      0.000      0.000      0.000      1.000     -1.000     -1.000 100196.000     -0.916      0.687
     0.000      0.000      0.000      1.000      0.000      1.000      0.000      0.000      0.000      0.000      0.000      0.000      2.000     -1.000      1.000 100197.000      0.206      0.463
     0.000      0.000      0.000      0.000      0.000      0.000      0.000      0.000      0.000      0.000      0.000      0.000      0.000     -1.000     -1.000 100198.000     -1.411      0.677
     1.000      1.000      0.000      1.000      1.000      0.000      0.000      1.000      0.000      0.000      0.000      0.000      1.000     -1.000     -1.000 100199.000      0.631      0.378
     0.000      0.000      0.000      0.000      0.000      0.000      0.000      0.000      0.000      0.000      0.000      0.000      0.000     -1.000     -1.000 100200.000     -1.459      0.709
     0.000      0.000      0.000      0.000      0.000      0.000      0.000      0.000      0.000      1.000      0.000      0.000     -1.000     -1.000     -1.000 100201.000     -0.940      0.623
     1.000      0.000      0.000      0.000      0.000      0.000      0.000      1.000      0.000      0.000      0.000      0.000      0.000     -1.000      1.000 100202.000     -0.507      0.581
     0.000      0.000      0.000      0.000      0.000      0.000      0.000      0.000      0.000      1.000      0.000      0.000      0.000     -1.000     -1.000 100203.000     -0.770      0.626
     0.000      1.000      0.000      1.000      0.000      0.000      0.000      0.000      1.000      1.000      0.000      0.000      0.000     -1.000     -1.000 100204.000      0.364      0.403
     1.000      0.000      1.000      1.000      0.000      1.000      1.000      1.000      1.000      1.000      1.000      0.000      3.000     -1.000      1.000 100205.000      1.698      0.424
     0.000      0.000      0.000      0.000      0.000      0.000      1.000      1.000      1.000      1.000      1.000      1.000      1.000     -1.000      1.000 100206.000      0.963      0.383
     0.000      0.000      0.000      0.000      0.000      0.000      0.000      0.000      0.000      0.000      0.000      0.000      0.000     -1.000     -1.000 100207.000     -1.444      0.743
     0.000      0.000      0.000      0.000      0.000      0.000      0.000      0.000      0.000      0.000      0.000      0.000     -1.000     -1.000     -1.000 100208.000     -1.646      0.724
     0.000      0.000      0.000      0.000      0.000      0.000      0.000      0.000      0.000      0.000      0.000      0.000     -1.000     -1.000      1.000 100209.000     -1.611      0.770
     0.000      0.000      0.000      0.000      0.000      0.000      0.000      0.000      0.000      0.000      0.000      0.000      1.000     -1.000      1.000 100210.000     -1.251      0.717
     0.000      0.000      0.000      0.000      0.000      0.000      0.000      0.000      1.000      0.000      0.000      0.000      2.000     -1.000     -1.000 100211.000     -0.619      0.621
     0.000      1.000      0.000      1.000      1.000      1.000      0.000      1.000      0.000      1.000      0.000      0.000      1.000     -1.000     -1.000 100212.000      0.989      0.366
     0.000      0.000      0.000      0.000      0.000      0.000      0.000      1.000      0.000      0.000      0.000      0.000     -1.000     -1.000      1.000 100213.000     -1.034      0.656
     1.000      0.000      0.000      0.000      0.000      0.000      1.000      1.000      0.000      0.000      0.000      0.000      2.000     -1.000      1.000 100214.000     -0.065      0.490
     1.000      0.000      0.000      0.000      0.000      0.000      0.000      0.000      0.000      0.000      0.000      0.000      0.000     -1.000      1.000 100215.000     -0.988      0.655
     1.000      1.000      0.000      1.000      1.000      1.000      1.000      1.000      1.000      0.000      1.000      1.000      1.000     -1.000     -1.000 100216.000      1.838      0.435
     0.000      0.000      0.000      0.000      0.000      0.000      0.000      0.000      0.000      0.000      0.000      0.000      1.000     -1.000      1.000 100217.000     -1.302      0.775
     0.000      0.000      0.000      0.000      0.000      0.000      0.000      0.000      0.000      0.000      0.000      0.000     -3.000     -1.000      1.000 100218.000     -2.162      0.726
     0.000      1.000      0.000      0.000      0.000      0.000      0.000      0.000      0.000      0.000      0.000      0.000      0.000     -1.000     -1.000 100219.000     -0.815      0.625
     0.000      0.000      0.000      0.000      0.000      0.000      0.000      0.000      0.000      0.000      0.000      0.000      1.000     -1.000      1.000 100220.000     -1.274      0.755
     0.000      0.000      0.000      0.000      0.000      0.000      0.000      0.000      0.000      0.000      0.000      0.000      1.000     -1.000     -1.000 100221.000     -1.337      0.720
     0.000      0.000      0.000      0.000      0.000      0.000      0.000      0.000      0.000      1.000      0.000      0.000     -2.000     -1.000      1.000 100222.000     -1.125      0.643
     0.000      0.000      0.000      0.000      0.000      0.000      0.000      0.000      0.000      0.000      0.000      0.000     -1.000     -1.000      1.000 100223.000     -1.602      0.741
     0.000      0.000      0.000      0.000      0.000      0.000      1.000      0.000      0.000      0.000      0.000      0.000      0.000     -1.000      1.000 100224.000     -1.030      0.687
     1.000      0.000      0.000      0.000      0.000      0.000      0.000      0.000      0.000      0.000      0.000      0.000     -2.000     -1.000      1.000 100225.000     -1.418      0.687
     1.000      0.000      0.000      0.000      0.000      0.000      0.000      1.000      0.000      0.000      1.000      0.000      1.000     -1.000      1.000 100226.000      0.162      0.474
     1.000      1.000      0.000      0.000      0.000      0.000      0.000      0.000      0.000      0.000      0.000      0.000      1.000     -1.000     -1.000 100227.000     -0.376      0.519
     0.000      0.000      0.000      0.000      0.000      0.000      0.000      0.000      0.000      0.000      0.000      0.000     -2.000     -1.000      1.000 100228.000     -1.861      0.727
     0.000      1.000      0.000      0.000      0.000      1.000      0.000      1.000      0.000      1.000      0.000      0.000      0.000     -1.000     -1.000 100229.000      0.355      0.392
     0.000      0.000      0.000      0.000      0.000      0.000      0.000      0.000      0.000      0.000      0.000      0.000      0.000     -1.000     -1.000 100230.000     -1.435      0.680
     1.000      1.000      0.000      1.000      1.000      1.000      0.000      1.000      1.000      1.000      1.000      0.000      2.000     -1.000     -1.000 100231.000      1.674      0.415
     0.000      0.000      0.000      0.000      0.000      0.000      1.000      0.000      1.000      0.000      1.000      1.000      3.000     -1.000      1.000 100232.000      0.696      0.430
     0.000      0.000      0.000      0.000      0.000      0.000      1.000      0.000      0.000      0.000      0.000      0.000      1.000     -1.000      1.000 100233.000     -0.871      0.643
     0.000      0.000      0.000      0.000      0.000      0.000      0.000      0.000      0.000      0.000      0.000      0.000      0.000     -1.000     -1.000 100234.000     -1.469      0.731
     0.000      0.000      0.000      0.000      0.000      0.000      0.000      0.000      0.000      1.000      0.000      0.000     -2.000     -1.000     -1.000 100235.000     -1.193      0.638
     0.000      0.000      0.000      1.000      0.000      1.000      1.000      1.000      1.000      0.000      1.000      0.000      0.000     -1.000      1.000 100236.000      0.918      0.386
     1.000      0.000      0.000      0.000      0.000      0.000      0.000      0.000      0.000      0.000      0.000      0.000      1.000     -1.000     -1.000 100237.000     -0.879      0.694
     1.000      0.000      0.000      0.000      0.000      1.000      1.000      0.000      0.000      1.000      0.000      0.000      0.000     -1.000      1.000 100238.000      0.278      0.407
     0.000      1.000      0.000      0.000      0.000      0.000      0.000      0.000      0.000      0.000      0.000      0.000      1.000     -1.000     -1.000 100239.000     -0.668      0.625
     0.000      0.000      0.000      1.000      0.000      0.000      1.000      0.000      0.000      0.000      0.000      0.000      1.000     -1.000     -1.000 100240.000     -0.234      0.521
     0.000      0.000      0.000      0.000      0.000      0.000      0.000      0.000      0.000      0.000      0.000      0.000     -1.000     -1.000      1.000 100241.000     -1.627      0.758
     1.000      0.000      1.000      1.000      1.000      1.000      0.000      0.000      1.000      1.000      0.000      1.000      1.000     -1.000     -1.000 100242.000      1.401      0.385
     0.000      0.000      0.000      0.000      0.000      0.000      0.000      0.000      0.000      0.000      0.000      0.000      1.000     -1.000     -1.000 100243.000     -1.318      0.728
     0.000      0.000      0.000      0.000      0.000      0.000      0.000      0.000      0.000      0.000      0.000      0.000      0.000     -1.000     -1.000 100244.000     -1.450      0.708
     1.000      1.000      0.000      0.000      0.000      0.000      1.000      1.000      1.000      0.000      0.000      1.000      0.000     -1.000     -1.000 100245.000      0.528      0.466
     0.000      0.000      0.000      0.000      0.000      0.000      0.000      0.000      0.000      0.000      0.000      0.000      0.000     -1.000     -1.000 100246.000     -1.474      0.758
     1.000      1.000      0.000      1.000      0.000      1.000      1.000      1.000      1.000      1.000      1.000      1.000      1.000     -1.000     -1.000 100247.000      1.751      0.417
     0.000      0.000      0.000      0.000      0.000      0.000      0.000      0.000      0.000      0.000      0.000      0.000      0.000     -1.000      1.000 100248.000     -1.419      0.717
     1.000      0.000      0.000      0.000      1.000      0.000      0.000      0.000      0.000      0.000      1.000      0.000      2.000     -1.000     -1.000 100249.000      0.279      0.423
     0.000      0.000      0.000      0.000      0.000      0.000      0.000      1.000      0.000      0.000      0.000      0.000      1.000     -1.000     -1.000 100250.000     -0.770      0.671
     1.000      0.000      1.000      0.000      0.000      0.000      1.000      1.000      0.000      1.000      1.000      0.000      0.000      1.000      1.000 100251.000      0.587      0.382
     1.000      1.000      1.000      1.000      0.000      1.000      1.000      0.000      1.000      1.000      1.000      1.000      1.000      1.000     -1.000 100252.000      1.703      0.466
     0.000      0.000      1.000      0.000      0.000      0.000      0.000      0.000      0.000      0.000      0.000      0.000     -3.000      1.000      1.000 100253.000     -1.023      0.571
     0.000      0.000      1.000      0.000      0.000      0.000      1.000      0.000      0.000      0.000      0.000      0.000     -3.000      1.000      1.000 100254.000     -0.795      0.508
     1.000      0.000      1.000      1.000      1.000      0.000      0.000      0.000      1.000      0.000      1.000      0.000     -2.000      1.000     -1.000 100255.000      0.523      0.369
     0.000      1.000      1.000      1.000      0.000      0.000      0.000      0.000      1.000      0.000      0.000      1.000      1.000      1.000      1.000 100256.000      0.724      0.363
     1.000      0.000      1.000      0.000      0.000      0.000      1.000      0.000      0.000      1.000      0.000      1.000      0.000      1.000      1.000 100257.000      0.455      0.381
     0.000      1.000      1.000      0.000      1.000      1.000      0.000      0.000      1.000      1.000      0.000      0.000     -1.000      1.000     -1.000 100258.000      0.637      0.375
     0.000      0.000      1.000      0.000      0.000      0.000      0.000      0.000      1.000      0.000      0.000      0.000     -2.000      1.000      1.000 100259.000     -0.489      0.495
     1.000      1.000      1.000      1.000      1.000      0.000      1.000      1.000      1.000      1.000      1.000      1.000     -1.000      1.000      1.000 100260.000      1.751      0.429
     1.000      0.000      1.000      0.000      1.000      1.000      0.000      1.000      1.000      1.000      1.000      1.000     -1.000      1.000      1.000 100261.000      1.401      0.371
     0.000      1.000      0.000      0.000      0.000      0.000      0.000      0.000      0.000      1.000      0.000      0.000     -1.000      1.000      1.000 100262.000     -0.281      0.507
     1.000      0.000      1.000      0.000      0.000      0.000      0.000      1.000      1.000      0.000      0.000      0.000     -2.000      1.000      1.000 100263.000     -0.052      0.439
     1.000      0.000      1.000      0.000      0.000      0.000      0.000      0.000      1.000      1.000      1.000      1.000     -1.000      1.000      1.000 100264.000      0.730      0.358
     1.000      0.000      1.000      0.000      0.000      0.000      0.000      0.000      0.000      0.000      0.000      0.000     -1.000      1.000      1.000 100265.000     -0.489      0.479
     1.000      1.000      0.000      0.000      1.000      0.000      0.000      1.000      1.000      0.000      0.000      0.000     -1.000      1.000     -1.000 100266.000      0.240      0.399
     1.000      1.000      1.000      0.000      1.000      0.000      1.000      0.000      0.000      1.000      1.000      1.000      1.000      1.000     -1.000 100267.000      1.144      0.409
     0.000      0.000      1.000      1.000      0.000      0.000      0.000      1.000      1.000      1.000      1.000      0.000     -2.000      1.000      1.000 100268.000      0.651      0.357
     0.000      0.000      1.000      1.000      1.000      0.000      1.000      1.000      0.000      1.000      0.000      0.000      0.000      1.000      1.000 100269.000      0.753      0.372
     0.000      1.000      1.000      0.000      0.000      0.000      1.000      1.000      0.000      1.000      0.000      1.000     -1.000      1.000      1.000 100270.000      0.629      0.364
     0.000      0.000      0.000      0.000      0.000      0.000      1.000      1.000      0.000      0.000      0.000      0.000     -2.000      1.000      1.000 100271.000     -0.650      0.511
     0.000      0.000      0.000      0.000      0.000      0.000      0.000      0.000      0.000      0.000      0.000      0.000     -3.000      1.000     -1.000 100272.000     -1.490      0.552
     1.000      0.000      1.000      0.000      0.000      0.000      1.000      0.000      0.000      1.000      0.000      0.000     -1.000      1.000      1.000 100273.000      0.023      0.421
     1.000      1.000      1.000      0.000      0.000      0.000      0.000      1.000      0.000      0.000      0.000      0.000     -2.000      1.000      1.000 100274.000     -0.011      0.440
     1.000      1.000      0.000      0.000      1.000      0.000      1.000      0.000      0.000      1.000      0.000      0.000     -2.000      1.000     -1.000 100275.000      0.109      0.408
     0.000      1.000      0.000      0.000      0.000      0.000      1.000      0.000      0.000      0.000      0.000      0.000      1.000      1.000     -1.000 100276.000     -0.523      0.495
     0.000      0.000      0.000      0.000      0.000      0.000      0.000      0.000      0.000      0.000      0.000      0.000     -2.000      1.000     -1.000 100277.000     -1.362      0.582
     1.000      1.000      1.000      1.000      1.000      1.000      1.000      0.000      1.000      1.000      1.000      0.000     -1.000      1.000      1.000 100278.000      1.531      0.404
     1.000      1.000      0.000      0.000      0.000      0.000      0.000      1.000      0.000      1.000      0.000      1.000     -1.000      1.000     -1.000 100279.000      0.304      0.392
     1.000      1.000      1.000      1.000      1.000      1.000      0.000      0.000      0.000      1.000      1.000      1.000      1.000      1.000      1.000 100280.000      1.755      0.431
     0.000      0.000      1.000      0.000      0.000      0.000      1.000      0.000      0.000      0.000      0.000      0.000      0.000      1.000      1.000 100281.000     -0.437      0.517
     1.000      0.000      1.000      0.000      0.000      0.000      0.000      0.000      1.000      0.000      0.000      0.000      0.000      1.000      1.000 100282.000     -0.105      0.476
     0.000      1.000      0.000      0.000      0.000      0.000      0.000      0.000      0.000      0.000      0.000      0.000     -1.000      1.000     -1.000 100283.000     -0.811      0.476
     1.000      1.000      0.000      1.000      0.000      0.000      1.000      0.000      0.000      0.000      0.000      0.000     -2.000      1.000      1.000 100284.000      0.048      0.401
     0.000      0.000      0.000      1.000      1.000      1.000      0.000      0.000      0.000      0.000      0.000      0.000     -1.000      1.000     -1.000 100285.000      0.119      0.408
     0.000      0.000      1.000      0.000      0.000      0.000      1.000      0.000      0.000      0.000      1.000      1.000     -3.000      1.000      1.000 100286.000      0.107      0.399
     1.000      1.000      0.000      0.000      0.000      0.000      0.000      1.000      1.000      0.000      0.000      0.000     -1.000      1.000     -1.000 100287.000     -0.096      0.437
     1.000      0.000      1.000      0.000      1.000      0.000      0.000      0.000      1.000      1.000      0.000      0.000     -2.000      1.000      1.000 100288.000      0.337      0.378
     1.000      1.000      1.000      1.000      0.000      1.000      0.000      1.000      1.000      1.000      0.000      1.000     -1.000      1.000      1.000 100289.000      1.333      0.380
     0.000      0.000      0.000      0.000      0.000      0.000      1.000      0.000      0.000      0.000      0.000      0.000      0.000      1.000      1.000 100290.000     -0.806      0.590
     1.000      1.000      1.000      0.000      1.000      0.000      0.000      1.000      0.000      0.000      1.000      1.000     -1.000      1.000      1.000 100291.000      0.963      0.361
     0.000      0.000      0.000      0.000      0.000      0.000      1.000      0.000      0.000      0.000      0.000      0.000     -2.000      1.000     -1.000 100292.000     -1.124      0.562
     0.000      0.000      0.000      0.000      0.000      0.000      1.000      0.000      1.000      0.000      0.000      0.000     -1.000      1.000      1.000 100293.000     -0.488      0.506
     0.000      1.000      0.000      1.000      0.000      0.000      0.000      1.000      0.000      0.000      0.000      0.000     -1.000      1.000     -1.000 100294.000     -0.130      0.431
     0.000      0.000      1.000      0.000      0.000      0.000      1.000      1.000      0.000      0.000      0.000      0.000     -2.000      1.000      1.000 100295.000     -0.336      0.468
     1.000      1.000      1.000      0.000      0.000      0.000      0.000      1.000      1.000      1.000      0.000      0.000     -2.000      1.000      1.000 100296.000      0.422      0.376
     1.000      0.000      0.000      0.000      0.000      0.000      0.000      1.000      0.000      1.000      0.000      0.000      1.000      1.000      1.000 100297.000      0.001      0.453
     0.000      1.000      1.000      0.000      0.000      0.000      0.000      0.000      1.000      1.000      0.000      0.000     -1.000      1.000      1.000 100298.000      0.211      0.395
     1.000      1.000      1.000      1.000      1.000      0.000      1.000      0.000      0.000      0.000      1.000      0.000     -2.000      1.000      1.000 100299.000      0.762      0.395
     0.000      1.000      0.000      1.000      1.000      0.000      0.000      0.000      1.000      0.000      1.000      0.000      0.000      1.000     -1.000 100300.000      0.571      0.416
     0.000      0.000      1.000      0.000      1.000      0.000      1.000      0.000      0.000      0.000      0.000      0.000      0.000      1.000     -1.000 100301.000     -0.174      0.443
     0.000      0.000      1.000      0.000      0.000      0.000      0.000      0.000      0.000      0.000      0.000      0.000     -2.000      1.000      1.000 100302.000     -0.844      0.551
     0.000      1.000      0.000      0.000      1.000      0.000      0.000      0.000      0.000      0.000      0.000      0.000     -2.000      1.000     -1.000 100303.000     -0.468      0.469
     0.000      1.000      1.000      1.000      0.000      0.000      1.000      1.000      1.000      1.000      0.000      0.000     -3.000      1.000     -1.000 100304.000      0.407      0.369
     1.000      0.000      1.000      0.000      0.000      0.000      0.000      0.000      0.000      1.000      0.000      0.000     -2.000      1.000      1.000 100305.000     -0.240      0.456
     0.000      0.000      1.000      1.000      0.000      0.000      1.000      0.000      1.000      0.000      0.000      0.000     -1.000      1.000      1.000 100306.000      0.181      0.407
     0.000      0.000      1.000      0.000      0.000      0.000      0.000      0.000      0.000      1.000      1.000      0.000     -1.000      1.000      1.000 100307.000      0.073      0.438
     1.000      0.000      0.000      0.000      1.000      0.000      0.000      1.000      0.000      0.000      0.000      0.000     -1.000      1.000     -1.000 100308.000     -0.234      0.440
     0.000      1.000      1.000      1.000      1.000      1.000      0.000      1.000      0.000      0.000      1.000      0.000     -3.000      1.000      1.000 100309.000      0.857      0.344
     0.000      0.000      0.000      0.000      0.000      0.000      0.000      0.000      1.000      0.000      1.000      0.000     -2.000      1.000     -1.000 100310.000     -0.493      0.478
     1.000      1.000      1.000      1.000      0.000      0.000      0.000      0.000      0.000      0.000      0.000      0.000     -1.000      1.000      1.000 100311.000      0.222      0.389
     0.000      0.000      0.000      0.000      0.000      0.000      1.000      0.000      0.000      0.000      0.000      0.000      0.000      1.000     -1.000 100312.000     -0.918      0.514
     1.000      1.000      1.000      1.000      1.000      1.000      0.000      1.000      1.000      0.000      1.000      1.000      1.000      1.000     -1.000 100313.000      1.891      0.478
     0.000      0.000      0.000      0.000      0.000      0.000      1.000      1.000      0.000      0.000      0.000      0.000      0.000      1.000      1.000 100314.000     -0.444      0.522
     0.000      0.000      0.000      0.000      0.000      0.000      0.000      1.000      1.000      0.000      0.000      0.000     -4.000      1.000      1.000 100315.000     -0.881      0.487
     1.000      0.000      0.000      1.000      1.000      0.000      1.000      1.000      0.000      0.000      0.000      0.000     -1.000      1.000     -1.000 100316.000      0.241      0.398
     1.000      1.000      0.000      0.000      1.000      0.000      1.000      0.000      0.000      0.000      0.000      0.000     -1.000      1.000     -1.000 100317.000     -0.046      0.422
     0.000      0.000      1.000      1.000      0.000      0.000      1.000      0.000      0.000      0.000      0.000      0.000     -2.000      1.000     -1.000 100318.000     -0.350      0.450
     0.000      0.000      0.000      0.000      0.000      0.000      0.000      0.000      0.000      0.000      0.000      0.000      0.000      1.000     -1.000 100319.000     -1.194      0.578
     1.000      1.000      1.000      1.000      1.000      1.000      1.000      0.000      1.000      1.000      1.000      1.000      0.000      1.000     -1.000 100320.000      2.045      0.505
     1.000      0.000      0.000      0.000      0.000      0.000      0.000      0.000      0.000      0.000      0.000      0.000     -1.000      1.000      1.000 100321.000     -0.890      0.626
     1.000      1.000      1.000      0.000      0.000      0.000      1.000      1.000      0.000      0.000      0.000      1.000     -3.000      1.000      1.000 100322.000      0.328      0.369
     0.000      0.000      1.000      0.000      0.000      0.000      0.000      0.000      1.000      0.000      0.000      0.000     -2.000      1.000      1.000 100323.000     -0.491      0.510
     1.000      1.000      1.000      1.000      1.000      1.000      0.000      1.000      0.000      1.000      1.000      0.000      2.000      1.000     -1.000 100324.000      1.555      0.434
     0.000      1.000      1.000      0.000      0.000      1.000      1.000      0.000      0.000      1.000      1.000      1.000      1.000      1.000      1.000 100325.000      1.121      0.363
     0.000      1.000      0.000      0.000      0.000      1.000      0.000      1.000      0.000      0.000      1.000      0.000     -2.000      1.000      1.000 100326.000      0.298      0.383
     0.000      0.000      0.000      0.000      0.000      0.000      1.000      0.000      0.000      0.000      0.000      0.000     -2.000      1.000      1.000 100327.000     -1.006      0.562
     0.000      0.000      1.000      0.000      0.000      0.000      0.000      0.000      0.000      0.000      0.000      0.000      1.000      1.000      1.000 100328.000     -0.604      0.529
     0.000      0.000      1.000      0.000      0.000      0.000      1.000      0.000      1.000      0.000      0.000      0.000     -2.000      1.000      1.000 100329.000     -0.311      0.463
     0.000      0.000      0.000      0.000      0.000      0.000      0.000      0.000      0.000      0.000      0.000      0.000     -1.000      1.000     -1.000 100330.000     -1.332      0.659
     0.000      0.000      1.000      0.000      1.000      0.000      0.000      1.000      1.000      0.000      0.000      0.000     -1.000      1.000      1.000 100331.000      0.231      0.416
     1.000      1.000      0.000      1.000      1.000      0.000      1.000      1.000      1.000      1.000      1.000      1.000     -1.000      1.000     -1.000 100332.000      1.454      0.406
     0.000      1.000      1.000      1.000      1.000      1.000      0.000      1.000      1.000      1.000      1.000      1.000      0.000      1.000     -1.000 100333.000      1.884      0.455
     0.000      1.000      0.000      0.000      1.000      0.000      1.000      0.000      1.000      0.000      0.000      0.000     -2.000      1.000      1.000 100334.000      0.111      0.400
     1.000      1.000      0.000      0.000      0.000      0.000      0.000      0.000      0.000      1.000      0.000      0.000     -2.000      1.000     -1.000 100335.000     -0.374      0.445
     0.000      1.000      0.000      0.000      1.000      0.000      1.000      0.000      0.000      0.000      0.000      1.000      0.000      1.000     -1.000 100336.000      0.248      0.395
     1.000      0.000      0.000      0.000      1.000      0.000      1.000      1.000      1.000      1.000      0.000      0.000     -1.000      1.000     -1.000 100337.000      0.366      0.384
     0.000      1.000      0.000      0.000      1.000      1.000      1.000      0.000      0.000      0.000      0.000      0.000     -2.000      1.000     -1.000 100338.000      0.032      0.421
     0.000      0.000      1.000      0.000      0.000      0.000      1.000      0.000      0.000      0.000      0.000      0.000     -2.000      1.000      1.000 100339.000     -0.626      0.493
     1.000      1.000      1.000      0.000      0.000      0.000      0.000      1.000      1.000      0.000      1.000      0.000      0.000      1.000      1.000 100340.000      0.648      0.366
     0.000      0.000      1.000      1.000      1.000      0.000      1.000      1.000      0.000      1.000      1.000      1.000     -2.000      1.000      1.000 100341.000      1.102      0.350
     1.000      1.000      0.000      0.000      1.000      0.000      1.000      0.000      0.000      0.000      0.000      0.000     -1.000      1.000     -1.000 100342.000     -0.052      0.415
     0.000      0.000      1.000      0.000      1.000      1.000      1.000      1.000      1.000      0.000      1.000      0.000     -1.000      1.000      1.000 100343.000      0.899      0.359
     1.000      1.000      0.000      1.000      1.000      1.000      1.000      0.000      0.000      0.000      0.000      0.000      1.000      1.000     -1.000 100344.000      0.702      0.385
     1.000      0.000      1.000      0.000      0.000      0.000      0.000      0.000      0.000      0.000      0.000      0.000     -1.000      1.000      1.000 100345.000     -0.480      0.510
     1.000      1.000      0.000      1.000      1.000      0.000      0.000      0.000      0.000      0.000      0.000      1.000      0.000      1.000     -1.000 100346.000      0.566      0.381
     0.000      0.000      0.000      0.000      0.000      0.000      0.000      0.000      0.000      0.000      0.000      0.000      0.000      1.000      1.000 100347.000     -1.074      0.585
     1.000      1.000      1.000      1.000      1.000      0.000      1.000      1.000      0.000      0.000      0.000      1.000     -1.000      1.000      1.000 100348.000      1.005      0.404
     0.000      1.000      1.000      0.000      1.000      0.000      0.000      1.000      1.000      1.000      1.000      1.000     -3.000      1.000     -1.000 100349.000      0.837      0.343
     0.000      0.000      1.000      1.000      0.000      0.000      1.000      0.000      1.000      0.000      1.000      0.000     -1.000      1.000      1.000 100350.000      0.483      0.373
     0.000      1.000      0.000      0.000      1.000      0.000      1.000      0.000      1.000      0.000      0.000      1.000     -2.000      1.000     -1.000 100351.000      0.278      0.387
     0.000      1.000      1.000      0.000      1.000      0.000      0.000      0.000      1.000      0.000      1.000      1.000     -2.000      1.000      1.000 100352.000      0.767      0.350
     1.000      1.000      1.000      1.000      0.000      1.000      1.000      0.000      1.000      1.000      0.000      1.000     -2.000      1.000      1.000 100353.000      1.143      0.364
     1.000      0.000      1.000      1.000      1.000      1.000      0.000      1.000      1.000      1.000      0.000      0.000     -2.000      1.000      1.000 100354.000      1.008      0.350
     1.000      0.000      1.000      0.000      0.000      0.000      0.000      0.000      0.000      1.000      0.000      0.000     -2.000      1.000      1.000 100355.000     -0.232      0.469
     1.000      0.000      0.000      0.000      0.000      0.000      0.000      0.000      0.000      0.000      0.000      0.000     -3.000      1.000      1.000 100356.000     -1.124      0.571
     1.000      1.000      1.000      0.000      0.000      1.000      1.000      1.000      0.000      0.000      0.000      0.000     -2.000      1.000      1.000 100357.000      0.435      0.369
     1.000      0.000      1.000      1.000      0.000      0.000      1.000      1.000      0.000      0.000      0.000      0.000     -1.000      1.000      1.000 100358.000      0.302      0.387
     0.000      0.000      1.000      0.000      1.000      1.000      1.000      1.000      1.000      0.000      0.000      0.000      0.000      1.000      1.000 100359.000      0.728      0.377
     0.000      0.000      1.000      0.000      0.000      0.000      0.000      0.000      0.000      0.000      0.000      0.000     -3.000      1.000      1.000 100360.000     -1.017      0.556
     1.000      1.000      0.000      0.000      0.000      0.000      0.000      0.000      0.000      0.000      0.000      0.000      0.000      1.000      1.000 100361.000     -0.362      0.495
     1.000      0.000      0.000      0.000      0.000      0.000      1.000      0.000      1.000      0.000      0.000      0.000     -3.000      1.000      1.000 100362.000     -0.549      0.489
     1.000      0.000      1.000      0.000      0.000      0.000      0.000      1.000      0.000      0.000      0.000      0.000      1.000      1.000      1.000 100363.000     -0.097      0.484
     0.000      1.000      1.000      0.000      0.000      0.000      0.000      0.000      0.000      0.000      0.000      0.000      0.000      1.000      1.000 100364.000     -0.269      0.485
     1.000      0.000      1.000      0.000      1.000      0.000      1.000      1.000      0.000      0.000      0.000      0.000     -1.000      1.000      1.000 100365.000      0.304      0.385
     0.000      0.000      1.000      0.000      0.000      0.000      1.000      0.000      0.000      1.000      0.000      0.000     -2.000      1.000      1.000 100366.000     -0.254      0.469
     1.000      1.000      1.000      1.000      1.000      0.000      1.000      0.000      1.000      1.000      1.000      1.000     -1.000      1.000     -1.000 100367.000      1.464      0.399
     1.000      1.000      1.000      0.000      0.000      0.000      1.000      1.000      1.000      0.000      0.000      0.000      0.000      1.000      1.000 100368.000      0.482      0.383
     0.000      0.000      1.000      0.000      0.000      0.000      0.000      1.000      0.000      0.000      0.000      0.000      0.000      1.000      1.000 100369.000     -0.325      0.497
     0.000      0.000      1.000      0.000      0.000      0.000      0.000      0.000      1.000      0.000      0.000      0.000     -3.000      1.000      1.000 100370.000     -0.649      0.517
     1.000      0.000      0.000      0.000      1.000      0.000      0.000      1.000      0.000      0.000      0.000      0.000     -3.000      1.000      1.000 100371.000     -0.304      0.450
     0.000      0.000      0.000      0.000      0.000      0.000      0.000      1.000      0.000      0.000      0.000      0.000     -3.000      1.000     -1.000 100372.000     -1.133      0.515
     0.000      0.000      1.000      0.000      1.000      0.000      0.000      0.000      0.000      0.000      0.000      0.000      0.000      1.000      1.000 100373.000     -0.133      0.461
     1.000      1.000      1.000      1.000      1.000      1.000      1.000      1.000      0.000      1.000      0.000      1.000     -2.000      1.000      1.000 100374.000      1.378      0.355
     1.000      1.000      1.000      1.000      1.000      1.000      0.000      0.000      1.000      1.000      1.000      1.000     -2.000      1.000      1.000 100375.000      1.594      0.386
     0.000      0.000      1.000      0.000      1.000      0.000      1.000      1.000      1.000      0.000      0.000      0.000     -1.000      1.000      1.000 100376.000      0.368      0.381
     1.000      1.000      1.000      1.000      0.000      1.000      1.000      0.000      0.000      0.000      0.000      1.000      0.000      1.000      1.000 100377.000      0.976      0.357
     1.000      1.000      1.000      1.000      1.000      1.000      1.000      1.000      1.000      1.000      0.000      1.000      1.000      1.000     -1.000 100378.000      1.979      0.494
     0.000      0.000      0.000      0.000      0.000      0.000      0.000      0.000      0.000      1.000      0.000      0.000     -1.000      1.000      1.000 100379.000     -0.654      0.562
     0.000      0.000      1.000      1.000      0.000      0.000      1.000      0.000      1.000      1.000      1.000      0.000     -2.000      1.000      1.000 100380.000      0.595      0.358
     0.000      1.000      1.000      0.000      1.000      0.000      1.000      1.000      0.000      0.000      0.000      0.000     -2.000      1.000     -1.000 100381.000      0.107      0.414
     0.000      1.000      0.000      0.000      0.000      0.000      1.000      0.000      0.000      0.000      0.000      0.000     -2.000      1.000     -1.000 100382.000     -0.725      0.484
     0.000      0.000      1.000      0.000      0.000      0.000      0.000      0.000      1.000      0.000      0.000      0.000      0.000      1.000      1.000 100383.000     -0.293      0.500
     0.000      0.000      1.000      0.000      0.000      0.000      0.000      1.000      1.000      0.000      0.000      1.000     -2.000      1.000      1.000 100384.000      0.193      0.408
     1.000      0.000      1.000      0.000      0.000      0.000      0.000      1.000      0.000      0.000      0.000      0.000     -2.000      1.000      1.000 100385.000     -0.318      0.482
     0.000      1.000      1.000      0.000      1.000      0.000      1.000      0.000      0.000      1.000      1.000      0.000     -3.000      1.000      1.000 100386.000      0.491      0.365
     0.000      0.000      1.000      0.000      0.000      0.000      0.000      0.000      0.000      0.000      0.000      0.000     -2.000      1.000      1.000 100387.000     -0.853      0.540
     1.000      0.000      1.000      1.000      1.000      1.000      1.000      0.000      1.000      0.000      1.000      1.000      0.000      1.000     -1.000 100388.000      1.425      0.409
     0.000      0.000      1.000      1.000      1.000      0.000      0.000      0.000      1.000      0.000      0.000      0.000     -1.000      1.000      1.000 100389.000      0.371      0.391
     0.000      1.000      1.000      1.000      1.000      1.000      0.000      1.000      1.000      1.000      1.000      1.000      0.000      1.000      1.000 100390.000      1.963      0.440
     0.000      0.000      0.000      0.000      0.000      0.000      1.000      0.000      0.000      0.000      0.000      0.000     -3.000      1.000      1.000 100391.000     -1.186      0.561
     1.000      0.000      1.000      0.000      0.000      0.000      1.000      1.000      0.000      0.000      0.000      0.000     -2.000      1.000      1.000 100392.000     -0.149      0.455
     0.000      1.000      1.000      0.000      0.000      1.000      0.000      1.000      0.000      0.000      0.000      0.000      0.000      1.000     -1.000 100393.000      0.163      0.410
     0.000      1.000      0.000      0.000      1.000      0.000      0.000      0.000      1.000      0.000      0.000      0.000     -2.000      1.000     -1.000 100394.000     -0.209      0.426
     0.000      0.000      1.000      1.000      0.000      0.000      0.000      0.000      0.000      0.000      0.000      0.000     -2.000      1.000      1.000 100395.000     -0.327      0.455
     0.000      0.000      0.000      0.000      0.000      1.000      0.000      0.000      0.000      0.000      0.000      0.000     -2.000      1.000      1.000 100396.000     -0.605      0.536
     0.000      0.000      1.000      0.000      0.000      0.000      0.000      1.000      0.000      0.000      0.000      0.000      0.000      1.000      1.000 100397.000     -0.321      0.492
     1.000      0.000      0.000      0.000      0.000      0.000      0.000      0.000      1.000      0.000      0.000      0.000     -2.000      1.000     -1.000 100398.000     -0.738      0.492
     0.000      0.000      0.000      0.000      0.000      0.000      0.000      0.000      0.000      0.000      0.000      0.000     -4.000      1.000      1.000 100399.000     -1.639      0.598
     1.000      1.000      1.000      0.000      1.000      1.000      1.000      1.000      1.000      1.000      1.000      1.000      0.000      1.000      1.000 100400.000      1.909      0.456
     1.000      1.000      0.000      1.000      1.000      1.000      0.000      0.000      1.000      1.000      1.000      1.000      0.000      1.000      1.000 100401.000      1.659      0.408
     1.000      1.000      1.000      1.000      1.000      0.000      1.000      0.000      1.000      1.000      1.000      1.000      0.000      1.000     -1.000 100402.000      1.606      0.500
     0.000      0.000      1.000      0.000      0.000      0.000      0.000      0.000      0.000      0.000      0.000      0.000      0.000      1.000      1.000 100403.000     -0.651      0.556
     1.000      1.000      1.000      1.000      0.000      1.000      1.000      1.000      0.000      1.000      1.000      1.000     -1.000      1.000      1.000 100404.000      1.531      0.378
     1.000      1.000      0.000      0.000      1.000      1.000      1.000      0.000      0.000      0.000      1.000      0.000      0.000      1.000     -1.000 100405.000      0.648      0.386
     1.000      1.000      1.000      1.000      1.000      0.000      1.000      0.000      0.000      1.000      0.000      0.000     -1.000      1.000     -1.000 100406.000      0.676      0.373
     1.000      0.000      1.000      0.000      0.000      1.000      1.000      0.000      1.000      1.000      0.000      0.000     -1.000      1.000      1.000 100407.000      0.542      0.370
     0.000      0.000      0.000      0.000      0.000      0.000      1.000      0.000      0.000      0.000      0.000      0.000     -1.000      1.000      1.000 100408.000     -0.895      0.553
     1.000      1.000      1.000      1.000      1.000      1.000      1.000      0.000      1.000      0.000      1.000      1.000     -1.000      1.000      1.000 100409.000      1.619      0.405
     0.000      0.000      0.000      0.000      0.000      0.000      0.000      0.000      0.000      0.000      0.000      0.000     -2.000      1.000     -1.000 100410.000     -1.332      0.540
     1.000      1.000      1.000      0.000      1.000      0.000      0.000      0.000      1.000      0.000      0.000      0.000     -1.000      1.000     -1.000 100411.000      0.238      0.398
     1.000      0.000      1.000      0.000      0.000      0.000      1.000      1.000      0.000      1.000      0.000      0.000      0.000      1.000      1.000 100412.000      0.301      0.405
     0.000      0.000      0.000      0.000      1.000      0.000      0.000      0.000      1.000      0.000      0.000      0.000      0.000      1.000      1.000 100413.000     -0.122      0.450
     0.000      0.000      1.000      0.000      0.000      0.000      1.000      0.000      0.000      0.000      0.000      0.000      0.000      1.000      1.000 100414.000     -0.426      0.513
     0.000      0.000      1.000      0.000      0.000      0.000      1.000      0.000      0.000      1.000      0.000      0.000     -2.000      1.000      1.000 100415.000     -0.264      0.449
     0.000      1.000      1.000      0.000      0.000      1.000      0.000      0.000      0.000      0.000      0.000      0.000     -3.000      1.000     -1.000 100416.000     -0.359      0.426
     1.000      1.000      1.000      1.000      1.000      1.000      1.000      1.000      1.000      0.000      1.000      1.000      1.000      1.000     -1.000 100417.000      2.095      0.514
     0.000      1.000      1.000      0.000      1.000      0.000      0.000      0.000      0.000      1.000      0.000      1.000      0.000      1.000     -1.000 100418.000      0.550      0.384
     0.000      0.000      0.000      0.000      1.000      0.000      0.000      1.000      0.000      0.000      0.000      0.000     -2.000      1.000      1.000 100419.000     -0.341      0.481
     0.000      1.000      1.000      1.000      0.000      0.000      0.000      1.000      1.000      0.000      1.000      0.000      1.000      1.000      1.000 100420.000      0.849      0.362
     0.000      1.000      1.000      0.000      0.000      0.000      1.000      0.000      0.000      0.000      0.000      0.000     -1.000      1.000     -1.000 100421.000     -0.369      0.469
     0.000      0.000      0.000      0.000      1.000      0.000      1.000      0.000      1.000      0.000      0.000      0.000     -2.000      1.000      1.000 100422.000     -0.150      0.465
     0.000      1.000      0.000      1.000      1.000      0.000      1.000      1.000      1.000      1.000      0.000      1.000      0.000      1.000      1.000 100423.000      1.221      0.371
     0.000      1.000      1.000      1.000      1.000      1.000      1.000      1.000      1.000      1.000      1.000      1.000      0.000      1.000      1.000 100424.000      2.154      0.485
     0.000      1.000      0.000      0.000      0.000      0.000      0.000      0.000      0.000      0.000      1.000      0.000     -1.000      1.000     -1.000 100425.000     -0.359      0.434
     1.000      1.000      1.000      0.000      1.000      0.000      1.000      0.000      1.000      0.000      0.000      1.000      1.000      1.000      1.000 100426.000      0.939      0.360
     1.000      1.000      1.000      0.000      0.000      0.000      1.000      1.000      1.000      0.000      0.000      0.000     -1.000      1.000      1.000 100427.000      0.416      0.394
     0.000      1.000      1.000      0.000      0.000      0.000      0.000      0.000      0.000      0.000      1.000      0.000      1.000      1.000      1.000 100428.000      0.199      0.431
     0.000      0.000      1.000      0.000      0.000      0.000      1.000      0.000      0.000      0.000      0.000      1.000     -3.000      1.000      1.000 100429.000     -0.266      0.437
     0.000      0.000      1.000      0.000      0.000      0.000      1.000      0.000      0.000      0.000      0.000      1.000     -2.000      1.000      1.000 100430.000     -0.122      0.461
     0.000      0.000      0.000      0.000      0.000      0.000      0.000      0.000      0.000      0.000      0.000      0.000     -1.000      1.000      1.000 100431.000     -1.170      0.619
     0.000      1.000      1.000      0.000      1.000      0.000      0.000      0.000      1.000      1.000      0.000      1.000      1.000      1.000      1.000 100432.000      0.924      0.362
     0.000      1.000      1.000      1.000      0.000      1.000      1.000      0.000      0.000      0.000      0.000      0.000     -1.000      1.000      1.000 100433.000      0.493      0.385
     1.000      1.000      1.000      1.000      1.000      0.000      0.000      1.000      0.000      1.000      0.000      1.000      1.000      1.000      1.000 100434.000      1.289      0.379
     0.000      0.000      1.000      1.000      1.000      0.000      1.000      1.000      0.000      0.000      0.000      0.000     -1.000      1.000      1.000 100435.000      0.463      0.377
     0.000      0.000      1.000      0.000      0.000      1.000      1.000      0.000      1.000      0.000      0.000      0.000     -2.000      1.000      1.000 100436.000      0.093      0.417
     1.000      0.000      1.000      0.000      0.000      0.000      0.000      0.000      0.000      0.000      1.000      0.000     -1.000      1.000      1.000 100437.000     -0.035      0.448
     1.000      1.000      1.000      1.000      1.000      1.000      1.000      1.000      1.000      1.000      1.000      1.000      0.000      1.000      1.000 100438.000      2.433      0.597
     0.000      0.000      1.000      0.000      0.000      0.000      0.000      0.000      0.000      0.000      0.000      0.000     -3.000      1.000     -1.000 100439.000     -1.124      0.509
     0.000      0.000      1.000      0.000      0.000      1.000      1.000      1.000      1.000      0.000      0.000      1.000     -1.000      1.000      1.000 100440.000      0.679      0.358
     1.000      0.000      0.000      0.000      1.000      0.000      0.000      0.000      0.000      0.000      0.000      0.000     -2.000      1.000     -1.000 100441.000     -0.596      0.459
     0.000      1.000      1.000      1.000      1.000      1.000      0.000      1.000      1.000      0.000      1.000      0.000     -2.000      1.000     -1.000 100442.000      1.040      0.386
     1.000      1.000      0.000      0.000      1.000      1.000      1.000      0.000      0.000      1.000      1.000      1.000      0.000      1.000     -1.000 100443.000      1.184      0.388
     0.000      0.000      1.000      0.000      0.000      0.000      0.000      1.000      0.000      0.000      0.000      0.000     -1.000      1.000      1.000 100444.000     -0.408      0.477
     1.000      0.000      0.000      0.000      0.000      0.000      0.000      0.000      0.000      0.000      0.000      0.000     -2.000      1.000      1.000 100445.000     -0.987      0.570
     1.000      0.000      0.000      0.000      1.000      0.000      1.000      0.000      0.000      0.000      0.000      0.000      0.000      1.000     -1.000 100446.000     -0.250      0.447
     0.000      0.000      0.000      0.000      0.000      0.000      0.000      0.000      0.000      0.000      0.000      0.000     -3.000      1.000      1.000 100447.000     -1.428      0.615
     0.000      0.000      0.000      1.000      1.000      1.000      0.000      1.000      1.000      1.000      1.000      1.000      1.000      1.000      1.000 100448.000      1.587      0.425
     0.000      0.000      0.000      0.000      0.000      0.000      0.000      0.000      0.000      1.000      0.000      0.000      0.000      1.000     -1.000 100449.000     -0.739      0.515
     0.000      0.000      1.000      0.000      1.000      0.000      0.000      1.000      0.000      0.000      0.000      0.000     -3.000      1.000      1.000 100450.000     -0.229      0.448
     0.000      0.000      0.000      1.000      1.000      0.000      0.000      1.000      0.000      1.000      0.000      0.000     -2.000      1.000     -1.000 100451.000      0.125      0.400
     0.000      1.000      1.000      0.000      0.000      0.000      0.000      0.000      1.000      1.000      0.000      0.000     -3.000      1.000     -1.000 100452.000     -0.199      0.419
     1.000      1.000      1.000      0.000      1.000      1.000      1.000      0.000      1.000      1.000      0.000      1.000     -1.000      1.000     -1.000 100453.000      1.177      0.389
     0.000      0.000      0.000      0.000      0.000      0.000      0.000      0.000      0.000      0.000      0.000      0.000      1.000      1.000      1.000 100454.000     -1.037      0.618
     1.000      0.000      1.000      1.000      1.000      0.000      1.000      1.000      0.000      1.000      1.000      0.000      1.000      1.000      1.000 100455.000      1.171      0.365
     0.000      1.000      0.000      0.000      1.000      0.000      0.000      0.000      0.000      0.000      0.000      0.000     -1.000      1.000     -1.000 100456.000     -0.368      0.455
     0.000      0.000      1.000      1.000      0.000      0.000      0.000      0.000      1.000      0.000      1.000      0.000      0.000      1.000      1.000 100457.000      0.443      0.378
     0.000      0.000      1.000      0.000      0.000      0.000      0.000      0.000      0.000      1.000      0.000      1.000     -1.000      1.000      1.000 100458.000      0.128      0.415
     1.000      1.000      1.000      0.000      1.000      1.000      1.000      1.000      1.000      1.000      1.000      1.000      2.000      1.000     -1.000 100459.000      2.103      0.545
     0.000      1.000      1.000      0.000      0.000      0.000      0.000      0.000      0.000      0.000      0.000      0.000      1.000      1.000      1.000 100460.000     -0.215      0.500
     1.000      1.000      1.000      1.000      1.000      1.000      1.000      0.000      1.000      1.000      1.000      0.000     -1.000      1.000      1.000 100461.000      1.516      0.392
     1.000      1.000      0.000      0.000      0.000      0.000      0.000      0.000      0.000      0.000      0.000      0.000     -2.000      1.000     -1.000 100462.000     -0.723      0.493
     1.000      1.000      1.000      0.000      1.000      0.000      0.000      1.000      0.000      1.000      1.000      0.000      1.000      1.000     -1.000 100463.000      0.872      0.380
     1.000      1.000      1.000      1.000      1.000      0.000      1.000      0.000      1.000      0.000      1.000      0.000      0.000      1.000      1.000 100464.000      1.114      0.364
     1.000      1.000      1.000      0.000      1.000      0.000      0.000      1.000      0.000      1.000      1.000      0.000      0.000      1.000     -1.000 100465.000      0.812      0.375
     0.000      1.000      1.000      1.000      1.000      0.000      1.000      1.000      1.000      0.000      1.000      1.000      0.000      1.000     -1.000 100466.000      1.375      0.400
     0.000      0.000      0.000      0.000      0.000      0.000      1.000      0.000      0.000      0.000      0.000      0.000      0.000      1.000      1.000 100467.000     -0.865      0.691
     1.000      0.000      1.000      0.000      0.000      0.000      0.000      1.000      0.000      0.000      0.000      0.000     -1.000      1.000      1.000 100468.000     -0.194      0.460
     1.000      1.000      1.000      1.000      1.000      1.000      1.000      0.000      0.000      0.000      1.000      0.000     -1.000      1.000     -1.000 100469.000      1.023      0.372
     0.000      0.000      1.000      1.000      0.000      0.000      0.000      0.000      0.000      0.000      0.000      0.000     -2.000      1.000      1.000 100470.000     -0.338      0.456
     0.000      1.000      1.000      1.000      1.000      0.000      1.000      0.000      0.000      1.000      1.000      0.000      0.000      1.000     -1.000 100471.000      0.908      0.384
     0.000      0.000      0.000      0.000      0.000      0.000      0.000      0.000      0.000      0.000      0.000      0.000     -1.000      1.000     -1.000 100472.000     -1.259      0.574
     0.000      1.000      0.000      0.000      1.000      0.000      1.000      1.000      1.000      0.000      0.000      1.000     -2.000      1.000     -1.000 100473.000      0.456      0.377
     0.000      1.000      1.000      1.000      0.000      0.000      1.000      1.000      1.000      1.000      1.000      1.000      0.000      1.000      1.000 100474.000      1.393      0.374
     0.000      0.000      0.000      0.000      0.000      0.000      0.000      0.000      0.000      0.000      0.000      0.000     -2.000      1.000     -1.000 100475.000     -1.359      0.569
     0.000      0.000      1.000      0.000      0.000      0.000      0.000      0.000      0.000      0.000      0.000      0.000     -2.000      1.000      1.000 100476.000     -0.834      0.528
     0.000      0.000      0.000      0.000      0.000      0.000      0.000      0.000      0.000      0.000      0.000      0.000      2.000      1.000      1.000 100477.000     -1.034      0.663
     0.000      0.000      0.000      0.000      0.000      0.000      1.000      1.000      1.000      0.000      0.000      0.000     -1.000      1.000      1.000 100478.000     -0.197      0.471
     0.000      0.000      0.000      0.000      0.000      0.000      0.000      0.000      0.000      0.000      0.000      0.000     -1.000      1.000      1.000 100479.000     -1.216      0.711
     0.000      0.000      1.000      0.000      0.000      0.000      1.000      1.000      0.000      0.000      0.000      0.000     -1.000      1.000      1.000 100480.000     -0.217      0.468
     0.000      1.000      0.000      0.000      0.000      0.000      0.000      0.000      0.000      0.000      0.000      0.000     -2.000      1.000     -1.000 100481.000     -0.912      0.505
     0.000      1.000      1.000      1.000      1.000      1.000      1.000      1.000      1.000      1.000      1.000      0.000     -1.000      1.000     -1.000 100482.000      1.495      0.414
     0.000      1.000      0.000      0.000      0.000      0.000      0.000      0.000      0.000      0.000      0.000      0.000      0.000      1.000      1.000 100483.000     -0.605      0.551
     1.000      0.000      1.000      0.000      0.000      0.000      1.000      0.000      0.000      0.000      0.000      0.000     -2.000      1.000      1.000 100484.000     -0.410      0.477
     1.000      0.000      0.000      0.000      0.000      0.000      1.000      0.000      0.000      0.000      0.000      0.000     -1.000      1.000      1.000 100485.000     -0.616      0.533
     0.000      0.000      0.000      0.000      1.000      0.000      0.000      0.000      1.000      0.000      0.000      0.000     -3.000      1.000     -1.000 100486.000     -0.615      0.465
     1.000      1.000      1.000      1.000      1.000      1.000      1.000      1.000      1.000      1.000      1.000      1.000      1.000      1.000      1.000 100487.000      2.705      0.675
     1.000      0.000      1.000      1.000      1.000      0.000      0.000      0.000      1.000      1.000      1.000      1.000      0.000      1.000      1.000 100488.000      1.322      0.371
     0.000      0.000      0.000      0.000      0.000      0.000      0.000      0.000      0.000      0.000      0.000      0.000     -4.000      1.000      1.000 100489.000     -1.638      0.556
     0.000      0.000      1.000      0.000      0.000      0.000      0.000      0.000      0.000      0.000      0.000      0.000     -1.000      1.000      1.000 100490.000     -0.733      0.534
     0.000      0.000      0.000      0.000      0.000      0.000      0.000      0.000      0.000      0.000      0.000      0.000      0.000      1.000      1.000 100491.000     -1.083      0.622
     0.000      1.000      1.000      1.000      1.000      0.000      1.000      1.000      1.000      1.000      0.000      1.000     -1.000      1.000      1.000 100492.000      1.301      0.363
     1.000      1.000      1.000      0.000      0.000      0.000      0.000      0.000      0.000      0.000      0.000      0.000      0.000      1.000      1.000 100493.000     -0.070      0.458
     1.000      0.000      1.000      0.000      0.000      1.000      0.000      1.000      0.000      0.000      0.000      0.000      0.000      1.000      1.000 100494.000      0.259      0.399
     1.000      0.000      0.000      0.000      0.000      0.000      0.000      0.000      0.000      0.000      0.000      0.000      0.000      1.000      1.000 100495.000     -0.758      0.581
     1.000      1.000      1.000      0.000      1.000      0.000      0.000      0.000      0.000      0.000      1.000      1.000     -1.000      1.000     -1.000 100496.000      0.670      0.375
     1.000      1.000      0.000      0.000      1.000      0.000      0.000      0.000      0.000      0.000      1.000      0.000      0.000      1.000     -1.000 100497.000      0.229      0.405
     0.000      0.000      0.000      0.000      0.000      0.000      1.000      1.000      0.000      1.000      1.000      0.000     -2.000      1.000      1.000 100498.000      0.110      0.404
     1.000      0.000      1.000      0.000      0.000      0.000      0.000      0.000      0.000      1.000      0.000      0.000     -2.000      1.000      1.000 100499.000     -0.238      0.457
     0.000      0.000      0.000      0.000      0.000      0.000      0.000      0.000      0.000      0.000      0.000      0.000      1.000      1.000      1.000 100500.000     -0.959      0.542
